1570996,
1881259,
1881260,
1881272,
1881286,
1881287,
1881290,
1881297,
1881304,
2108022,
2111359,
2112418,
2112420,

2112424,
2115106,
2122657,
2137384,
2137385,
2138377,
2138378,
2141410,
2288865,
2288926,
2290613,
2290721,
2290726,

2290727,
2290737,
2290747,
2290751,
2290752,
2290755,
2290769,
2290770,
2290778,
2290793,
2290794,
2290795,
2290802,

2290803,
2290827,
2290830,
2290837,
2290840,
2290847,
2290866,
2290902,
2290905,
2290910,
2290912,
2290929,
2290933,

2290948,
2290949,
2290956,
2290962,
2290963,
2290968,
2290969,
2290973,
2290976,
2290990,
2290993,
2290997,
2291000,

2291012,
2291014,
2291028,
2291029,
2291058,
2291059,
2291065,
2291073,
2291078,
2291082,
2291084,
2291087,
2291092,

2291117,
2291123,
2291128,
2291133,
2291136,
2291143,
2291147,
2291162,
2291185,
2291187,
2291192,
2291195,
2291200,
2291201,
2291204,
2291205,
2291223,
2291227,
2291236,
2291237,
2291246,
2291253,
2291258,
2291259,
2291263,
2291270,
2291272,
2291280,
2291296,
2291298,
2291300,
2291301,
2291305,
2291306,
2291331,
2291333,
2291339,
2291341,
2291372,
2291434,
2291436,
2291437,
2291438,
2291441,
2291467,
2291472,
2291508,
2291510,
2291511,
2291518,
2291521,
2291525,
2291526,
2291539,
2291546,
2291547,
2291550,
2291552,
2291554,
2291556,
2291557,
2291558,
2291560,
2291576,
2291579,
2291586,
2291592,
2291593,
2291594,
2291616,
2291617,
2291628,
2291640,
2291643,
2291847,
2291850,
2291855,
2291856,
2291857,
2291858,
2291859,
2292117,
2292124,
2292143,
2292144,
2292168,
2292177,
2292186,
2292193,
2292194,
2292195,
2292196,
2292197,
2292198,
2292201,
2292202,
2292203,
2292204,
2292205,
2292206,
2292207,
2292208,
2292209,
2292210,
2292211,
2292212,
2292214,
2292215,
2292216,
2292217,
2292218,
2292219,
2292220,
2292221,
2292222,
2292223,
2292224,
2292225,
2292226,
2292229,
2292230,
2292231,
2292232,
2292234,
2292235,
2292236,
2292237,
2292238,
2292239,
2292240,
2292242,
2292243,
2292244,
2292245,
2292247,
2292248,
2292249,
2292251,
2292252,
2292262,
2292263,
2292264,
2292265,
2292269,
2292304,
2292308,
2292311,
2292314,
2292315,
2292316,
2292317,
2292318,
2292319,
2292322,
2292325,
2292326,
2292327,
2292329,
2292330,
2292332,
2292333,
2292340,
2292341,
2292342,
2292344,
2292345,
2292346,
2292347,
2292348,
2292349,
2292352,
2292353,
2292354,
2292359,
2292363,
2292368,
2292369,
2292370,
2292372,
2292373,
2292376,
2292378,
2292381,
2292382,
2292383,
2292384,
2292385,
2292395,
2292397,
2292399,
2292401,
2292406,
2292409,
2292411,
2292412,
2292416,
2292421,
2292422,
2292433,
2292434,
2292435,
2292436,
2292437,
2292438,
2292439,
2292442,
2292443,
2292444,
2292446,
2292447,
2292448,
2292454,
2292482,
2292486,
2292487,
2292491,
2292492,
2292494,
2292496,
2292499,
2292512,
2292521,
2292522,
2292523,
2292525,
2292529,
2292530,
2292532,
2292533,
2292534,
2292535,
2292538,
2292539,
2292543,
2292546,
2292547,
2292549,
2292550,
2292553,
2292608,
2293140,
2293142,
2293145,
2293146,
2293148,
2293149,
2293150,
2293151,
2293152,
2293153,
2293156,
2293160,
2293162,
2293167,
2293172,
2293174,
2293180,
2293185,
2293188,
2293189,
2293190,
2293195,
2293199,
2293202,
2293203,
2293205,
2293206,
2293208,
2293217,
2293220,
2293222,
2293223,
2293238,
2293240,
2293241,
2293244,
2293246,
2293247,
2293249,
2293251,
2293252,
2293256,
2293260,
2293261,
2293265,
2293266,
2293268,
2293270,
2293272,
2293276,
2293277,
2293280,
2293283,
2293285,
2293286,
2293288,
2293291,
2293298,
2293315,
2293317,
2293321,
2293322,
2293324,
2293327,
2293329,
2293330,
2293331,
2293333,
2293335,
2293339,
2293340,
2293341,
2293342,
2293343,
2293344,
2293349,
2293354,
2293357,
2293359,
2293361,
2293362,
2293364,
2293369,
2293371,
2293372,
2293373,
2293374,
2293377,
2293379,
2293383,
2293386,
2293387,
2293388,
2293389,
2293391,
2293392,
2293396,
2293400,
2293403,
2293404,
2293406,
2293408,
2293413,
2293414,
2293418,
2293421,
2293422,
2293423,
2293428,
2293433,
2293438,
2293459,
2293462,
2293468,
2293476,
2293477,
2293482,
2293485,
2293486,
2293487,
2293488,
2293489,
2293491,
2293492,
2293495,
2293497,
2293498,
2293499,
2293503,
2293509,
2293510,
2293517,
2293519,
2293521,
2293522,
2293527,
2293529,
2293530,
2293531,
2293532,
2293534,
2293535,
2293536,
2293539,
2293543,
2293544,
2293545,
2293547,
2293548,
2293551,
2293554,
2293558,
2293559,
2293560,
2293561,
2293566,
2293567,
2293568,
2293577,
2293580,
2293584,
2293587,
2293589,
2293590,
2293595,
2293599,
2293600,
2293609,
2293612,
2293613,
2293615,
2293618,
2293620,
2293621,
2293622,
2293624,
2293628,
2293653,
2293671,
2293677,
2293684,
2293691,
2293703,
2293709,
2293713,
2293718,
2293720,
2293722,
2293724,
2293733,
2293737,
2293739,
2293740,
2293741,
2293742,
2293745,
2293746,
2293748,
2293749,
2293751,
2293752,
2293757,
2293760,
2293766,
2293768,
2293771,
2293772,
2293773,
2293780,
2293795,
2294014,
2294029,
2294031,
2294035,
2294037,
2294038,
2294084,
2294092,
2294101,
2294109,
2294110,
2294117,
2294121,
2294124,
2294126,
2294130,
2294139,
2294141,
2294142,
2294146,
2294147,
2294148,
2294149,
2294151,
2294154,
2294155,
2294157,
2294163,
2294165,
2294168,
2294169,
2294170,
2294171,
2295113,
2295116,
2295117,
2295119,
2295120,
2295122,
2295135,
2295143,
2295144,
2295145,
2295147,
2295151,
2295152,
2295154,
2295155,
2295157,
2295158,
2295163,
2295165,
2295166,
2295168,
2295169,
2295171,
2295198,
2295281,
2295282,
2295548,
2297656,
2297657,
2297658,
2297705,
2297712,
2297760,
2297761,
2297762,
2297771,
2297775,
2297788,
2297789,
2297798,
2297800,
2297803,
2297804,
2297805,
2297810,
2297812,
2297813,
2297823,
2297824,
2297825,
2297833,
2297840,
2297850,
2297854,
2297866,
2297873,
2297874,
2297881,
2297883,
2297897,
2297909,
2297917,
2297919,
2297926,
2297927,
2297931,
2297932,
2297938,
2297946,
2297961,
2297964,
2297965,
2297966,
2297970,
2297978,
2297987,
2297992,
2297993,
2297996,
2298002,
2298005,
2298011,
2298017,
2298024,
2298029,
2298037,
2298045,
2298050,
2298051,
2298056,
2298067,
2298090,
2298138,
2298318,
2299120,
2299159,
2299164,
2299172,
2299183,
2299187,
2299188,
2299194,
2299202,
2299205,
2299234,
2299235,
2299236,
2299238,
2299241,
2299248,
2299250,
2299251,
2299258,
2299259,
2299309,
2299476,
2299477,
2299500,
2299509,
2304157,
2309640,
2313141,
2313142,
2313143,
2313144,
2314638,
2315136,
2316137,
2316138,
2316141,
2316636,
2316637,
2316638,
2316639,
2316669,
2317136,
2317636,
2317637,
2317639,
2318159,
2318638,
2318648,
2318649,
2319655,
2319656,
2320638,
2320639,
2320640,
2320641,
2320649,
2321144,
2321638,
2321641,
2321651,
2322142,
2322145,
2322146,
2322147,
2322649,
2322650,
2322651,
2322652,
2322653,
2322654,
2322655,
2322656,
2322657,
2322658,
2322659,
2322660,
2322661,
2322662,
2323150,
2323151,
2323152,
2323153,
2323154,
2323155,
2323160,
2323161,
2323162,
2323639,
2323644,
2323645,
2323646,
2323647,
2323648,
2323649,
2324139,
2324141,
2324142,
2324143,
2324144,
2324145,
2324146,
2324147,
2324148,
2324641,
2324642,
2325139,
2325140,
2325141,
2325142,
2325146,
2325147,
2325148,
2325639,
2325640,
2325641,
2325642,
2325643,
2326146,
2326147